6668
6681
6692
6711
6725
6742
6758
6776
6792
6809
6835
6851
6860
6888
6903
6922
6928
6942
6972
6991
7004
7023
7045
7060
7078
7095
7112
7146
7163
7179
7197
7214
7247
7264
7281
7299
7315
7348
7367
7383
7399
7415
7449
7466
7485
7500
7516
7550
7567
7584
7601
7617
7652
7668
7685
7701
7736
7754
7769
7787
7802
7836
7853
7871
7887
7904
7939
7954
7971
7987
8005
8039
8056
8073
8090
8108
8145
8176
8192
8209
8228
8242
8259
8277
8293
8309
8327
8343
8360
8376
8393
8411
8428
8444
8462
8482
8498
8516
8530
8549
8565
8584
8601
8620
8629
8652
8666
8682
8704
8717
8735
8747
8786
8799
8814
8833
8847
8865
8882
8899
8915
8933
8950
8966
8983
9000
9017
9033
9050
9067
9084
9101
9120
9134
9151
9169
9185
9207
9227
9240
9253
9275
9286
9309
9323
9340
9356
9375
9394
9411
9425
9438
9461
9471
9490
9511
9522
9544
9559
9578
9589
9611
9626
9644
9660
9678
9696
9708
9731
9740
9756
9776
9790
9810
9823
9840
9857
9873
9890
9908
9925
9941
9958
9992
10009
10027
10042
10058
10093
10109
10128
10143
10161
10200
10212
10230
10247
10263
10279
10297
10314
10330
10346
10363
10380
10397
10414
10431
10448
10467
10482
10498
10522
10537
10552
10570
10585
10604
10619
10634
10652
10667
10684
10701
10720
10738
10755
10773
10786
10808
10823
10835
10853
10874
10891
10906
10925
10939
10954
10971
10987
11003
11026
11037
11059
11071
11088
11110
11125
11139
11155
11172
11189
11205
11221
11240
11254
11273
11288
11305
11322
11339
11372
11390
11406
11423
11439
11474
11490
11507
11524
11541
11575
11592
11608
11625
11642
11659
11676
11697
11712
11730
11744
11762
11779
11795
11811
11829
11845
11864
11880
11896
11913
11929
11951
11969
11987
11997
12015
12032
12048
12064
12081
12098
12116
12133
12149
12166
12182
12199
12216
12232
12267
12283
12300
12317
12333
12370
12384
12404
12418
12440
12453
12475
12485
12510
12524
12536
12560
12576
12587
12603
12630
12639
12655
12672
12687
12705
12722
12738
12756
12772
12791
12805
12822
12838
12856
12874
12892
12906
12923
12957
12973
12991
13012
13025
13041
13058
13075
13091
13108
13125
13143
13159
13177
13192
13210
13226
13243
13260
13278
13294
13311
13327
13345
13361
13378
13395
13412
13428
13467
13483
13504
13519
13532
13553
13566
13582
13602
13617
13632
13648
13665
13680
13700
13713
13731
13747
13764
13781
13797
13814
13848
13865
13881
13898
13915
13949
13966
13983
14000
14017
14050
14067
14084
14100
14117
14152
14168
14185
14202
14218
14236
14253
14276
14287
14305
14323
14337
14354
14371
14388
14404
14422
14439
14455
14476
14492
14506
14524
14539
14556
14573
14589
14606
14624
14640
14657
14675
14690
14708
14725
14742
14758
14775
14793
14811
14830
14843
14862
14876
14893
14915
14929
14945
14960
14977
14992
15009
15026
15042
15059
15076
15093
15110
15128
15144
15161
15177
15195
15210
15250
15266
15279
15299
15312
15332
15348
15363
15379
15398
15415
15430
15448
15470
15482
15499
15516
15533
15549
15566
15583
15599
15617
15634
15653
15667
15683
15705
15719
15739
15758
15768
15787
15808
15821
15836
15853
15870
15886
15903
15920
15938
15953
15971
15987
16003
16037
16053
16071
16087
16104
16140
16155
16171
16188
16205
16239
16256
16273
16290
16306
16324
16346
16360
16378
16392
16410
16429
16443
16462
16476
16493
16510
16527
16544
16565
16577
16594
16611
16630
16645
16661
16679
16695
16712
16728
16747
16762
16781
16795
16830
16851
16863
16885
16901
16918
16936
16949
16965
16986
17000
17031
17048
17065
17082
17098
17115
17134
17148
17165
17182
17199
17232
17250
17266
17285
17300
17334
17350
17368
17383
17403
17421
17436
17453
17469
17486
17503
17520
17537
17554
17574
17588
17604
17628
17643
17660
17675
17693
17706
17728
17739
17756
17774
17790
17806
17824
17844
17858
17879
17894
17910
17928
17943
17959
17977
17991
18008
18024
18041
18057
18074
18091
18108
18124
18141
18158
18176
18191
18226
18242
18260
18276
18293
18334
18347
18363
18380
18395
18412
18431
18446
18463
18480
18496
18513
18530
18549
18564
18581
18597
18614
18631
18648
18664
18681
18698
18715
18732
18749
18766
18783
18799
18822
18838
18855
18872
18887
18901
18921
18938
18951
18985
19019
19035
19053
19068
19084
19102
19118
19135
19152
19168
19185
19219
19236
19255
19270
19286
19321
19339
19356
19374
19390
19406
19423
19439
19456
19474
19490
19506
19524
19544
19558
19574
19593
19612
19630
19645
19658
19675
19692
19709
19725
19743
19759
19776
19793
19832
19847
19860
19883
19896
19913
19932
19948
19962
19998
20028
20048
20063
20078
20095
20112
20128
20145
20162
20179
20213
20230
20247
20263
20280
20314
20331
20348
20367
20381
20417
20432
20449
20466
20482
20516
20535
20550
20567
20583
20617
20634
20650
20667
20684
20719
20735
20752
20768
20785
20819
20836
20853
20869
20904
20920
20937
20954
20970
21004
21022
21038
21055
21072
21105
21122
21139
21155
21172
21206
21223
21240
21256
21273
21308
21324
21341
21358
21375
21409
21425
21442
21459
21475
21512
21526
21543
21560
21576
21612
21628
21646
21662
21678
21712
21728
21745
21762
21778
21813
21830
21846
21863
21880
21914
21930
21947
21964
21980
22015
22033
22049
22065
22082
22116
22133
22152
22166
22202
22217
22234
22250
22267
22301
22318
22334
22354
22369
22402
22419
22435
22452
22469
22503
22520
22537
22554
22571
22604
22621
22638
22655
22671
22706
22723
22740
22757
22774
22811
22823
22844
22859
22891
22908
22927
22944
22980
23010
23026
23042
23059
23078
23098
23111
23127
23144
23161
23178
23195
23212
23229
23250
23262
23279
23296
23312
23330
23346
23363
23380
23397
23413
23430
23447
23464
23481
23500
23514
23537
23552
23569
23588
23600
23618
23637
23652
23666
23699
23716
23733
23750
23766
23783
23800
23817
23836
23850
23884
23900
23918
23935
23951
23985
24002
24018
24035
24053
24071
24088
24104
24122
24138
24154
24172
24188
24206
24222
24241
24256
24273
24289
24306
24325
24339
24357
24373
24393
24407
24425
24441
24458
24474
24493
24508
24531
24546
24559
24582
24597
24614
24630
24643
24663
24677
24693
24711
24727
24744
24760
24777
24795
24813
24828
24844
24878
24895
24911
24930
24945
24982
24996
25014
25031
25047
25088
25099
25118
25134
25150
25166
25182
25199
25216
25234
25250
25268
25285
25307
25323
25338
25352
25373
25391
25405
25421
25439
25457
25469
25486
25503
25527
25540
25554
25575
25592
25608
25620
25640
25660
25676
25690
25705
25721
25738
25755
25772
25790
25805
25822
25838
25855
25872
25889
25908
25922
25939
25973
25990
26006
26023
26040
26075
26091
26108
26125
26141
26175
26192
26209
26228
26242
26276
26293
26310
26327
26344
26378
26395
26412
26430
26445
26479
26495
26513
26529
26546
26580
26597
26613
26631
26647
26681
26698
26716
26731
26748
26782
26799
26815
26833
26849
26883
26900
26917
26934
26950
26985
27001
27018
27035
27051
27086
27102
27119
27136
27152
27186
27203
27220
27239
27254
27287
27304
27322
27338
27355
27389
27407
27422
27439
27456
27490
27507
27524
27540
27558
27598
27610
27626
27643
27660
27676
27695
27710
27727
27745
27761
27783
27799
27816
27834
27850
27865
27883
27898
27917
27934
27952
27965
27979
27997
28014
28030
28071
28084
28104
28123
28132
28153
28169
28185
28199
28215
28235
28249
28266
28282
28299
28315
28333
28350
28366
28385
28400
28417
28433
28467
28484
28501
28518
28535
28568
28585
28602
28619
28635
28671
28687
28720
28737
28754
28771
28788
28805
28822
28838
28872
28888
28906
28923
28939
28973
28990
29007
29024
29040
29075
29092
29108
29125
29141
29175
29192
29209
29226
29242
29277
29293
29310
29327
29343
29378
29394
29412
29428
29445
29480
29496
29513
29528
29546
29579
29597
29613
29630
29647
29681
29697
29714
29731
29748
29782
29799
29816
29833
29849
29883
29900
29917
29933
29950
29984
30001
30019
30034
30051
30085
30102
30119
30136
30152
30187
30203
30220
30237
30254
30288
30304
30321
30338
30355
30389
30405
30422
30439
30456
30492
30506
30523
30540
30557
30591
30608
30624
30643
30658
30692
30709
30725
30742
30759
30793
30810
30827
30844
30860
30894
30910
30928
30944
30961
30998
31015
31033
31067
31083
31102
31117
31134
31165
31182
31198
31214
31231
31247
31282
31298
31315
31333
31349
31385
31402
31417
31434
31451
31468
31484
31501
31518
31537
31552
31570
31587
31603
31621
31636
31656
31677
31691
31707
31729
31739
31756
31771
31787
31809
31825
31839
31860
31878
31893
31911
31927
31945
31957
31978
31995
32011
32029
32042
32057
32077
32092
32116
32127
32147
32163
32181
32199
32214
32226
32245
32266
32280
32300
32309
32333
32345
32361
32383
32398
32414
32427
32448
32461
32483
32494
32517
32537
32551
32563
32584
32600
32618
32638
32647
32668
32686
32701
32714
32731
32748
32767
32786
32798
32820
32833
32850
32866
32890
32902
32917
32938
32952
32974
32988
33004
33017
33040
33052
33069
33089
33104
33124
33137
33157
33176
33188
33206
33223
33244
33255
33276
33293
33304
33327
33338
33359
33378
33388
33405
33427
33443
33457
33477
33492
33509
33529
33540
33561
33579
33597
33611
33624
33645
33663
33676
33696
33711
33733
33746
33763
33781
33799
33813
33831
33847
33863
33881
33896
33911
33928
33949
33966
33981
33998
34015
34033
34045
34064
34084
34099
34117
34129
34152
34164
34184
34199
34220
34236
34262
34279
34289
34310
34329
34346
34360
34365
34381
34414
34428
34445
34465
34481
34493
34515
34532
34542
34563
34580
34586
34601
34633
34647
34664
34683
34700
34711
34734
34748
34765
34782
34801
34816
34835
34852
34863
34885
34903
34917
34930
34953
34970
34984
35003
35020
35031
35054
35068
35087
35102
35119
35138
35153
35169
35189
35203
35222
35239
35250
35270
35287
35304
35321
35338
35355
35372
35388
35407
35422
35439
35458
35475
35488
35509
35523
35536
35557
35576
35593
35610
35626
35643
35656
35677
35694
35708
35727
35742
35755
35776
35795
35809
35826
35845
35859
35873
35893
35907
35913
35940
35948
35973
35991
36007
36023
36032
36047
36064
36091
36108
36124
36148
36167
36182
36199
36215
36232
36250
36272
36287
36302
36318
36337
36353
36369
36387
36403
36420
36437
36454
36470
36489
36504
36520
36538
36554
36577
36593
36609
36625
36643
36659
36677
36692
36711
36729
36745
36757
36780
36789
36807
36831
36845
36861
36879
36896
36913
36932
36946
36959
36980
36996
37011
37025
37048
37066
37084
37093
37114
37127
37144
37166
37184
37195
37210
37233
37249
37266
37278
37295
37319
37334
37352
37365
37380
37401
37416
37435
37448
37463
37480
37497
37515
37531
37548
37582
37599
37623
37632
37650
37668
37684
37700
37717
37736
37752
37769
37784
37803
37820
37834
37853
37875
37896
37908
37920
37945
37954
37969
37987
38003
38021
38036
38053
38072
38087
38106
38121
38138
38171
38188
38205
38222
38238
38273
38289
38307
38323
38339
38373
38391
38407
38424
38440
38474
38491
38508
38525
38541
38576
38594
38609
38625
38643
38677
38693
38710
38727
38744
38777
38794
38811
38829
38845
38881
38896
38914
38929
38946
38980
38997
39014
39031
39047
39084
39098
39115
39132
39148
39183
39200
39216
39235
39250
39284
39300
39317
39334
39351
39384
39403
39418
39435
39452
39486
39502
39520
39536
39553
39587
39604
39620
39637
39654
39688
39705
39722
39738
39755
39789
39806
39823
39840
39856
39892
39907
39924
39940
39957
39992
40010
40026
40043
40060
40093
40111
40130
40146
40179
40214
40227
40244
40262
40278
40294
40312
40336
40352
40364
40379
40397
40412
40429
40453
40463
40480
40502
40519
40530
40549
40565
40580
40605
40615
40632
40655
40672
40682
40699
40715
40732
40749
40789
40800
40824
40834
40850
40867
40884
40900
40917
40935
40957
40975
40991
41002
41027
41041
41052
41069
41086
41108
41123
41139
41154
41170
41188
41205
41221
41238
41255
41272
41288
41305
41322
41342
41356
41389
41406
41423
41441
41457
41491
41507
41524
41541
41558
41592
41608
41628
41643
41659
41693
41709
41727
41743
41760
41796
41810
41830
41844
41861
41895
41912
41929
41945
41962
41998
42013
42030
42046
42063
42096
42114
42137
42154
42165
42182
42198
42216
42233
42249
42267
42285
42308
42322
42335
42349
42367
42384
42401
42417
42435
42451
42468
42487
42501
42518
42535
42552
42586
42604
42622
42636
42670
42686
42704
42721
42737
42756
42771
42807
42821
42839
42855
42889
42906
42923
42940
42959
42973
43006
43024
43040
43057
43092
43108
43125
43141
43158
43192
43209
43226
43243
43260
43294
43310
43327
43344
43361
43394
43412
43428
43445
43461
43495
43513
43529
43546
43563
43597
43614
43630
43647
43664
43698
43714
43732
43748
43765
43798
43816
43833
43849
43866
43900
43917
43934
43950
43967
44001
44018
44035
44053
44068
44102
44119
44136
44156
44169
44186
44203
44222
44237
44256
44271
44288
44304
44321
44338
44356
44371
44389
44405
44425
44440
44459
44472
44489
44506
44523
44543
44557
44577
44595
44614
44628
44645
44666
44679
44697
44711
44729
44746
44761
44776
44793
44809
44826
44843
44862
44877
44892
44912
44926
44943
44961
44977
45011
45028
45044
45062
45078
45111
45129
45145
45162
45179
45213
45231
45246
45263
45280
45314
45331
45348
45365
45381
45415
45432
45449
45466
45482
45518
45533
45550
45567
45583
45616
45633
45650
45669
45684
45718
45735
45752
45770
45785
45819
45836
45852
45871
45886
45920
45937
45953
45970
45987
46021
46038
46055
46072
46088
46122
46139
46156
46173
46189
46223
46240
46257
46273
46290
46324
46341
46358
46375
46391
46425
46442
46459
46476
46492
46526
46543
46560
46579
46595
46627
46646
46661
46678
46695
46730
46749
46762
46779
46796
46833
46867
46900
46916
46932
46949
46967
46984
47000
47017
47033
47049
47068
47101
47118
47137
47152
47186
47201
47219
47235
47250
47270
47303
47319
47339
47352
47387
47405
47422
47437
47477
47507
47525
47539
47555
47572
47589
47607
47624
47639
47674
47689
47706
47722
47738
47756
47796
47809
47825
47840
47856
47891
47910
47926
47943
47976
47994
48009
48027
48044
48077
48096
48111
48145
48164
48179
48197
48213
48228
48262
48281
48314
48334
48366
48383
48399
48416
48430
48451
48468
48483
48513
48530
48550
48568
48581
48621
48651
48674
48703
48718
48736
48753
48770
48784
48818
48837
48852
48868
48885
48901
48919
48952
48969
48986
49003
49019
49053
49072
49090
49124
49138
49172
49189
49205
49222
49238
49255
49274
49290
49324
49338
49373
49395
49411
49429
49441
49458
49475
49491
49507
49544
49564
49578
49614
49644
49660
49680
49696
49712
49729
49743
49763
49779
49813
49828
49844
49861
49878
49897
49931
49946
49962
49978
49995
50033
50050
50066
50104
50132
50149
50166
50181
50198
50214
50232
50250
50265
50283
50319
50336
50355
50385
50403
50425
50456
50472
50486
50504
50521
50537
50554
50571
50606
50623
50641
50656
50690
50707
50723
50740
50756
50792
50807
50824
50842
50857
50890
50909
50925
50943
50957
50973
51012
51029
51046
51102
51130
51151
51177
51196
51213
51228
51264
51284
51312
51333
51347
51362
51381
51395
51411
51430
51466
51482
51496
51513
51530
51547
51582
51601
51615
51649
51665
51681
51699
51713
51731
51769
51802
51816
51835
51850
51866
51884
51905
51918
51951
51970
51986
52001
52019
52037
52073
52098
52138
52154
52170
52187
52204
52220
52238
52255
52272
52288
52306
52322
52356
52373
52392
52406
52440
52456
52475
52490
52507
52524
52562
52582
52610
52625
52641
52658
52674
52691
52708
52726
52761
52777
52793
52810
52845
52862
52882
52896
52948
52962
52980
52996
53013
53029
53046
53065
53080
53116
53149
53167
53182
53200
53214
53233
53248
53266
53281
53297
53334
53351
53369
53384
53417
53435
53450
53467
53483
53499
53535
53555
53586
53603
53619
53635
53652
53669
53686
53722
53737
53758
53772
53804
53821
53842
53855
53889
53907
53925
53939
53955
53971
54008
54027
54047
54076
54093
54107
54125
54141
54157
54175
54210
54246
54271
54310
54326
54343
54360
54378
54393
54410
54427
54443
54459
54495
54513
54529
54547
54562
54597
54613
54631
54648
54665
54699
54716
54733
54746
54763
54797
54817
54836
54848
54883
54904
54918
54966
54983
55001
55019
55034
55053
55069
55087
55102
55135
55153
55171
55186
55205
55221
55254
55287
55304
55322
55337
55355
55372
55388
55406
55421
55455
55472
55492
55508
55542
55557
55575
55606
55625
55641
55658
55673
55691
55709
55723
55758
55776
55792
55808
55825
55864
55876
55911
55929
55946
55962
55978
55994
56011
56064
56082
56098
56115
56130
56147
56165
56185
56216
56240
56266
56283
56299
56315
56332
56352
56367
56399
56418
56453
56470
56485
56517
56536
56552
56573
56603
56617
56635
56652
56670
56686
56703
56738
56752
56768
56785
56804
56857
56885
56922
56939
56955
56971
56988
57005
57024
57040
57056
57091
57105
57122
57140
57156
57174
57191
57225
57249
57277
57293
57310
57327
57343
57360
57376
57409
57426
57442
57460
57477
57512
57530
57564
57585
57614
57629
57647
57666
57681
57700
57732
57747
57764
57780
57796
57814
57832
57850
57864
57901
57917
57932
57966
57984
58003
58021
58052
58068
58100
58116
58133
58152
58170
58219
58236
58251
58268
58286
58304
58320
58341
58368
58386
58402
58420
58437
58455
58490
58515
58539
58558
58572
58587
58605
58621
58639
58656
58707
58724
58741
58757
58772
58790
58808
58825
58841
58877
58893
58908
58926
58942
58976
58993
59011
59028
59077
59096
59112
59129
59145
59162
59178
59197
59213
59229
59246
59283
59301
59321
59348
59365
59380
59398
59414
59430
59466
59488
59516
59536
59569
59583
59600
59616
59634
59653
59686
59700
59718
59735
59752
59769
59784
59806
59817
59853
59871
59885
59901
59917
59956
59977
60004
60023
60053
60070
60087
60104
60120
60138
60157
60174
60189
60204
60220
60257
60274
60292
60310
60341
60357
60373
60390
60407
60442
60462
60475
60508
60525
60545
60562
60578
60593
60628
60645
60661
60677
60693
60711
60744
60763
60780
60832
60847
60861
60878
60895
60914
60932
60950
60979
60996
61019
61036
61052
61066
61081
61098
61133
61151
61167
61183
61199
61234
61250
61268
61283
61317
61336
61353
61369
61384
61417
61436
61453
61488
61519
61536
61553
61570
61586
61603
61620
61637
61654
61689
61706
61723
61738
61776
61809
61825
61839
61856
61873
61892
61908
61923
61958
61976
61993
62010
62025
62060
62078
62092
62109
62125
62142
62160
62196
62212
62229
62243
62297
62316
62329
62345
62362
62378
62397
62415
62447
62464
62479
62495
62513
62529
62547
62565
62600
62620
62649
62665
62681
62699
62714
62732
62753
62790
62822
62853
62870
62884
62901
62916
62933
62950
62966
62983
63000
63019
63036
63073
63105
63124
63152
63169
63186
63203
63222
63237
63256
63271
63290
63304
63341
63356
63373
63393
63406
63443
63458
63473
63490
63508
63524
63540
63593
63608
63625
63642
63661
63677
63693
63709
63759
63776
63792
63809
63827
63844
63860
63879
63894
63913
63928
63962
63980
63996
64032
64047
64063
64080
64097
64113
64130
64164
64183
64199
64248
64265
64282
64298
64315
64332
64352
64368
64384
64401
64417
64454
64471
64489
64501
64538
64569
64585
64602
64618
64636
64656
64673
64688
64721
64737
64757
64770
64804
64822
64837
64858
64874
64891
64942
64961
64987
65009
65013
65023
65057
65077
65091
65125
65142
65159
65175
65208
65225
65242
65258
65276
65309
65333
65370
65380
65394
65410
65427
65443
65460
65478
65515
65533
65546
65579
65596
65613
65630
65646
65664
65679
65734
65748
65764
65779
65798
65815
65832
65850
65864
65900
65919
65933
65950
65966
66002
66026
66054
66072
66102
66119
66138
66155
66170
66189
66222
66236
66255
66272
66289
66306
66322
66358
66372
66389
66405
66420
66438
66456
66490
66507
66557
66574
66592
66607
66641
66660
66676
66694
66711
66726
66776
66794
66811
66826
66843
66861
66876
66894
66908
66925
66942
66978
66996
67011
67045
67079
67095
67111
67127
67163
67180
67198
67233
67249
67281
67299
67315
67334
67350
67366
67383
67402
67415
67448
67467
67483
67502
67519
67550
67567
67585
67619
67635
67652
67670
67686
67721
67738
67772
67788
67805
67823
67841
67865
67908
67923
67937
67953
67970
67987
68005
68024
68040
68062
68091
68106
68126
68140
68159
68181
68210
68227
68259
68276
68291
68308
68325
68346
68361
68396
68413
68428
68443
68460
68477
68494
68528
68545
68561
68578
68594
68631
68648
68662
68713
68731
68745
68763
68780
68813
68830
68851
68864
68901
68915
68932
68948
68965
68981
69025
69051
69070
69100
69117
69137
69153
69172
69202
69219
69235
69252
69267
69302
69321
69340
69354
69386
69403
69421
69436
69453
69487
69506
69526
69539
69577
69606
69623
69640
69658
69677
69700
69725
69742
69766
69790
69808
69827
69845
69860
69876
69893
69908
69941
69958
69974
69991
70008
70024
70060
70075
70093
70113
70127
70165
70186
70212
70230
70248
70262
70277
70294
70312
70329
70364
70381
70397
70416
70448
70465
70480
70497
70513
70547
70565
70582
70598
70632
70649
70670
70682
70719
70734
70750
70767
70784
70801
70834
70853
70870
70919
70936
70953
70970
70986
71004
71040
71071
71086
71103
71120
71140
71160
71188
71205
71221
71240
71256
71292
71307
71325
71357
71374
71391
71410
71426
71441
71459
71476
71492
71525
71541
71559
71577
71594
71629
71643
71702
71715
71728
71744
71761
71779
71795
71817
71846
71863
71878
71896
71912
71929
71945
71965
71979
72014
72030
72046
72063
72080
72115
72133
72149
72185
72198
72234
72254
72270
72286
72300
72316
72334
72353
72388
72404
72420
72436
72471
72503
72519
72536
72552
72569
72587
72607
72620
72652
72672
72687
72704
72722
72739
72755
72789
72806
72822
72841
72856
72891
72908
72925
72942
72974
72989
73006
73023
73039
73057
